!x y1 y2 y3 y4 y5
198.57 -4 -3 -3 3 3
199.37 -1 -1 4 9 -1
200.17 -4 -2 2 9 1
200.97 -4 -3 -1 6 1
201.77 -4 -2 -8 3 5
202.57 -4 -3 2 -1 -1
203.37 -1 -4 2 -1 1
204.17 -4 -3 -3 9 1
204.97 -7 -4 -3 6 -1
205.77 -4 -2 -1 6 3
206.57 -4 -1 -1 6 5
207.36 -13 -3 -6 3 3
208.16 -10 -3 -3 -1 3
208.96 1 -4 2 -1 -3
209.76 -1 -2 -8 9 3
210.56 -4 -3 -1 6 3
211.36 -4 -4 -8 3 1
212.16 1 -1 -1 6 -1
212.96 -4 -4 -6 6 1
213.76 -7 -2 -3 6 -1
214.56 -4 -2 -3 -1 1
215.35 -7 -2 2 3 1
216.15 -7 -4 -3 6 1
216.95 -13 -4 -11 9 9
217.75 -10 -1 -3 6 -1
218.55 -4 -4 2 -1 -1
219.35 -15 -3 -3 3 3
220.14 -1 -2 -3 3 -1
220.94 -4 0 2 3 1
221.74 -4 -2 2 3 3
222.54 -7 -2 -8 9 3
223.34 -1 -4 -6 9 1
224.14 -1 -3 2 6 3
224.93 -4 -1 2 6 -1
225.73 -7 -3 -1 6 3
226.53 -1 -2 -3 -1 3
227.33 -1 -2 4 3 3
228.12 -1 -1 2 -4 1
228.92 -1 -3 -6 3 3
229.72 -4 -3 -6 -4 3
230.52 -1 -1 2 -1 1
231.31 -4 -1 2 3 -1
232.11 1 -3 -6 3 3
232.91 -4 -4 -1 6 3
233.70 -1 -2 -1 3 -5
234.50 1 1 2 3 3
235.30 -7 -2 -6 3 3
236.09 -4 -3 -8 -4 5
236.89 1 -2 -3 -4 3
237.69 4 -1 -3 6 -1
238.48 -13 -3 2 6 7
239.28 -4 -2 -11 -7 7
240.08 -4 0 2 3 -1
240.87 -4 -1 4 3 1
241.67 -4 -4 -1 3 -1
242.47 -4 -1 -6 6 3
243.26 -1 -2 2 9 5
244.06 -7 -1 -1 9 3
244.85 -7 0 -1 6 5
245.65 -4 -3 -3 6 5
246.45 -4 0 2 13 -1
247.24 -1 0 2 3 1
248.04 -4 -2 -6 3 5
248.83 -1 -4 -1 6 9
249.63 -4 -1 2 6 5
250.42 -4 0 4 6 -1
251.22 -7 -5 -3 -1 3
252.02 1 -2 -1 3 3
252.81 1 0 4 6 5
253.61 -1 -3 4 3 3
254.40 4 -3 -3 -7 3
255.20 1 -3 -8 -4 7
255.99 1 -3 -1 3 3
256.79 -4 0 9 13 5
257.58 -4 -6 -3 6 3
258.38 -4 -1 4 3 3
259.17 -1 -2 2 -1 5
259.97 -4 -3 2 -1 3
260.76 -4 -5 -3 -1 3
261.55 1 -4 -1 3 3
262.35 -4 -1 4 9 5
263.14 -4 0 7 13 3
263.94 -7 -3 -3 6 5
264.73 -4 -1 -1 6 1
265.53 -4 -2 -6 3 1
266.32 -4 -2 4 6 1
267.11 -4 -4 -1 6 3
267.91 1 -1 -6 -1 3
268.70 -1 -4 -1 -1 1
269.50 -4 -2 7 13 3
270.29 -1 -3 2 -7 3
271.08 -4 -1 7 6 1
271.88 -7 0 2 3 1
272.67 -1 -2 2 6 3
273.46 1 -3 7 6 9
274.26 -1 -2 2 6 3
275.05 -1 -1 4 6 -1
275.84 -1 0 7 9 5
276.64 -1 -1 -1 9 7
277.43 1 0 2 9 3
278.22 -1 -1 -1 6 1
279.02 1 -3 -1 3 7
279.81 4 -2 2 3 7
280.60 1 0 -3 6 5
281.39 -1 -3 -1 9 3
282.19 -1 -3 2 6 5
282.98 -1 -2 -1 3 9
283.77 1 0 7 3 7
284.56 1 -1 -1 3 1
285.36 -4 -3 2 6 9
286.15 1 -1 2 9 3
286.94 1 -1 9 -4 7
287.73 -7 -1 -1 6 3
288.53 -4 -2 -3 13 7
289.32 7 -1 2 -1 7
290.11 1 0 -1 9 7
290.90 -4 -1 2 6 5
291.69 -1 -3 -1 6 3
292.48 4 -1 -1 -1 5
293.28 1 0 2 3 5
294.07 -4 0 4 6 7
294.86 -4 -3 -1 6 3
295.65 4 1 4 9 7
296.44 -1 0 -1 3 5
297.23 -7 -3 4 6 1
298.02 -4 -4 4 6 11
298.82 -4 -1 2 6 7
299.61 4 2 9 3 5
300.40 -4 -1 -1 9 1
301.19 1 -1 4 13 9
301.98 -1 1 -1 6 1
302.77 -1 1 -1 3 3
303.56 -1 0 2 9 7
304.35 -1 0 2 3 11
305.14 1 0 2 3 7
305.93 1 1 2 6 3
306.72 1 1 -3 3 5
307.51 -4 0 4 9 11
308.30 -7 3 -1 -1 3
309.09 -10 -2 2 -4 5
309.88 -4 0 4 -1 7
310.67 7 0 4 6 5
311.46 -1 -1 4 -4 5
312.25 1 0 -1 9 1
313.04 -4 -1 4 3 7
313.83 -4 1 4 9 11
314.62 1 0 2 3 5
315.41 1 1 2 13 3
316.20 -4 -3 -1 9 5
316.99 1 0 -1 -1 9
317.78 -1 -1 -1 3 7
318.57 -1 -2 -1 6 3
319.36 -7 -2 -1 -1 3
320.15 4 -1 -6 6 9
320.94 -4 2 -3 3 3
321.73 1 3 9 13 7
322.52 -4 -2 2 9 9
323.30 -1 -1 -1 3 5
324.09 1 -1 2 6 7
324.88 1 0 -1 9 3
325.67 -1 -2 -1 9 9
326.46 4 0 -6 -1 9
327.25 -4 0 4 13 1
328.04 -1 -1 2 6 7
328.82 -1 -3 -1 3 7
329.61 4 -2 -6 6 5
330.40 -4 -1 4 -4 3
331.19 -4 -2 -1 13 3
331.98 -1 -1 -3 3 9
332.77 -1 -2 -1 -1 5
333.55 -4 -3 2 3 9
334.34 -1 -1 -1 3 5
335.13 7 -2 2 9 5
335.92 -1 0 -3 9 7
336.70 -1 0 2 -1 3
337.49 -1 -1 7 13 1
338.28 -1 -1 -3 13 7
339.07 4 0 4 3 11
339.85 -1 -1 -1 9 3
340.64 -1 1 -3 6 3
341.43 1 -2 -1 6 9
342.22 1 -3 2 9 11
343.00 -7 -3 -1 6 1
343.79 -4 -2 4 13 9
344.58 -1 -3 -8 3 3
345.36 -4 -1 -3 3 7
346.15 -7 0 4 3 7
346.94 -7 -3 -6 3 7
347.72 -10 -2 -1 6 7
348.51 -1 -1 2 -1 7
349.30 -4 -3 4 6 7
350.08 4 -3 -1 9 5
350.87 4 -3 -1 3 7
351.66 -1 2 7 9 9
352.44 -4 -2 2 13 5
353.23 -4 -2 2 6 11
354.01 -7 -2 -8 9 5
354.80 1 0 -3 3 9
355.59 -1 -2 -3 6 3
356.37 1 -1 7 16 11
357.16 -4 -2 -3 6 11
357.94 4 -3 2 3 7
358.73 1 0 4 6 7
359.51 -4 -2 7 6 7
360.30 -1 -1 -1 3 9
361.08 -1 0 -3 6 13
361.87 -4 0 4 6 3
362.66 -1 -2 7 9 9
363.44 -1 -2 2 6 11
364.23 -7 2 -1 -4 9
365.01 -4 -2 -3 3 11
365.80 -1 0 4 9 11
366.58 -4 -2 -3 9 11
367.37 -1 -3 2 -1 16
368.15 -7 -1 -1 6 5
368.93 -1 -3 -3 16 18
369.72 7 1 -1 13 13
370.50 -1 0 4 -1 13
371.29 1 -1 4 9 13
372.07 -1 -2 4 13 22
372.86 -7 -1 4 9 18
373.64 1 1 4 -4 24
374.43 -1 -1 4 9 22
375.21 -4 -2 2 9 28
375.99 -4 -1 -1 9 28
376.78 1 0 7 13 28
377.56 -7 -1 7 13 34
378.34 1 1 4 13 41
379.13 1 2 9 3 41
379.91 -4 2 9 6 37
380.70 -1 1 7 6 43
381.48 1 0 7 6 49
382.26 -1 0 9 9 51
383.05 -1 0 9 9 47
383.83 -7 1 9 16 55
384.61 -1 1 4 16 62
385.40 7 0 12 9 68
386.18 7 1 9 9 68
386.96 -1 -2 7 13 62
387.74 1 -2 9 9 74
388.53 4 3 12 6 85
389.31 -1 2 14 16 89
390.09 4 -1 12 13 91
390.88 4 1 12 19 93
391.66 1 4 19 9 87
392.44 4 2 17 22 114
393.22 7 2 22 19 121
394.00 -1 1 17 19 129
394.79 -1 5 17 16 146
395.57 1 4 29 19 184
396.35 7 4 24 26 200
397.13 4 5 35 32 247
397.92 7 8 47 39 316
398.70 10 8 80 62 494
399.48 27 10 211 171 1280
400.26 91 33 791 597 4860
401.04 217 73 2146 1620 13789
401.82 228 77 2285 1712 14863
402.61 69 29 662 511 4306
403.39 21 19 150 125 975
404.17 7 17 65 62 465
404.95 10 15 47 39 310
405.73 10 16 35 36 228
406.51 7 17 29 29 175
407.29 4 18 19 16 135
408.07 1 19 14 16 102
408.85 4 18 12 22 89
409.64 7 21 4 16 74
410.42 7 21 4 9 60
411.20 4 19 14 6 53
411.98 4 19 2 13 41
412.76 10 21 2 6 41
413.54 4 21 4 -1 30
414.32 -1 24 12 16 37
415.10 7 21 -1 13 30
415.88 15 20 4 16 30
416.66 -1 20 2 13 26
417.44 7 22 9 16 26
418.22 4 20 4 3 28
419.00 4 18 4 6 26
419.78 -1 21 4 3 26
420.56 10 17 4 9 26
421.34 1 17 2 19 32
422.12 7 19 2 13 32
422.90 -4 20 4 16 26
423.68 1 16 4 13 32
424.46 10 16 4 19 30
425.24 4 17 2 9 32
426.02 4 18 4 13 30
426.80 -1 12 -1 16 32
427.57 -4 10 -3 16 41
428.35 1 13 4 13 37
429.13 1 12 2 16 43
429.91 7 14 -1 22 45
430.69 4 9 -1 16 55
431.47 -1 11 4 19 51
432.25 -7 10 9 16 49
433.03 7 8 7 19 55
433.81 1 11 4 26 70
434.58 -1 9 4 19 74
435.36 4 9 4 26 79
436.14 4 6 9 22 93
436.92 -4 6 4 26 100
437.70 1 5 14 22 114
438.48 -1 6 9 29 118
439.25 1 6 14 32 137
440.03 -7 4 7 22 146
440.81 -1 5 7 32 173
441.59 -1 5 7 36 188
442.36 10 6 9 36 209
443.14 4 6 7 39 240
443.92 1 7 9 42 280
444.70 1 6 12 39 312
445.47 -1 3 2 46 362
446.25 -1 3 7 55 423
447.03 1 3 9 55 482
447.81 -4 4 17 65 568
448.58 1 3 9 62 654
449.36 -1 4 9 65 761
450.14 1 5 17 72 887
450.92 4 5 17 75 1051
451.69 -1 4 9 79 1194
452.47 -1 3 9 95 1391
453.25 4 3 14 95 1639
454.02 -7 3 14 108 1895
454.80 7 3 9 118 2149
455.58 4 3 14 118 2489
456.35 10 5 27 135 2861
457.13 -4 1 17 141 3208
457.90 4 2 12 151 3665
458.68 4 5 22 158 4142
459.46 -1 4 22 154 4669
460.23 13 2 17 187 5209
461.01 1 4 17 194 5887
461.78 1 4 17 201 6607
462.56 4 4 24 214 7294
463.34 7 4 24 237 8063
464.11 1 4 17 237 8959
464.89 -1 2 14 273 9877
465.66 -1 2 22 290 10782
466.44 15 6 19 316 11734
467.21 4 2 22 343 12809
467.99 1 6 22 349 13968
468.76 4 4 24 359 15165
469.54 4 3 22 405 16339
470.31 4 1 19 428 17492
471.09 1 4 19 432 18815
471.86 10 2 24 491 20152
472.64 10 5 24 517 21349
473.41 13 2 24 554 22708
474.19 1 4 22 574 23935
474.96 7 2 24 610 25142
475.74 10 2 32 656 26383
476.51 7 5 29 669 27555
477.29 4 3 29 715 28628
478.06 15 5 37 772 29728
478.84 10 6 32 805 30745
479.61 13 5 32 834 31637
480.38 10 4 29 890 32601
481.16 7 6 32 940 33196
481.93 10 2 37 1012 33794
482.71 7 3 35 1062 34359
483.48 4 6 37 1105 34739
484.25 7 5 37 1138 34876
485.03 7 5 35 1210 35254
485.80 7 4 37 1270 35197
486.57 10 5 40 1313 35096
487.35 10 7 42 1369 34920
488.12 7 5 42 1408 34573
488.89 7 5 40 1498 34046
489.67 13 7 47 1590 33557
490.44 18 4 50 1623 32946
491.21 7 7 45 1679 32332
491.99 4 8 57 1768 31547
492.76 13 7 60 1851 30554
493.53 10 6 62 1907 29735
494.31 7 8 60 2019 28807
495.08 7 7 62 2111 27868
495.85 15 11 67 2214 26904
496.62 10 9 72 2316 25822
497.40 13 8 77 2412 24793
498.17 18 10 75 2530 23893
498.94 10 11 100 2669 22811
499.71 13 10 100 2775 21874
500.48 13 10 98 2979 20845
501.26 15 11 120 3095 19869
502.03 10 12 140 3306 18974
502.80 18 11 145 3507 17943
503.57 7 11 155 3689 17040
504.34 13 12 178 3910 16055
505.12 18 14 201 4180 15331
505.89 15 15 244 4458 14461
506.66 7 14 251 4685 13647
507.43 15 16 299 4989 12798
508.20 18 17 352 5345 12082
508.97 15 21 382 5758 11383
509.75 10 20 453 6104 10761
510.52 18 25 516 6481 10058
511.29 18 24 602 6880 9430
512.06 18 24 677 7372 8888
512.83 15 29 765 7890 8290
513.60 18 28 879 8375 7729
514.37 18 32 1002 8969 7258
515.14 18 31 1141 9553 6752
515.91 15 31 1287 10285 6358
516.68 18 35 1504 11061 5908
517.45 18 32 1665 11883 5532
518.22 21 36 1867 12592 5192
519.00 18 37 2103 13440 4822
519.77 21 40 2366 14523 4543
520.54 24 42 2681 15529 4224
521.31 21 42 2975 16506 3919
522.08 27 45 3280 17793 3667
522.85 18 44 3631 18875 3443
523.62 18 48 3998 20182 3216
524.39 21 45 4364 21489 3016
525.16 13 50 4787 22799 2775
525.93 21 50 5231 24165 2620
526.69 21 49 5677 25581 2435
527.46 18 48 6140 26954 2296
528.23 24 51 6587 28307 2137
529.00 21 54 7113 29706 1985
529.77 24 55 7589 31016 1878
530.54 18 55 8053 32105 1752
531.31 18 54 8608 32917 1647
532.08 27 53 9051 34003 1538
532.85 27 52 9595 34583 1435
533.62 27 58 10014 35019 1368
534.39 15 58 10467 35494 1303
535.16 27 55 10994 35573 1204
535.92 27 58 11468 35316 1145
536.69 18 58 11926 35187 1080
537.46 21 59 12413 34639 1000
538.23 24 65 12957 33851 942
539.00 21 63 13290 33022 891
539.77 27 69 13713 32019 841
540.54 24 74 14207 30957 801
541.30 29 75 14739 29680 757
542.07 18 76 15177 28208 706
542.84 24 87 15598 26898 662
543.61 21 86 16087 25558 635
544.38 27 92 16606 24109 608
545.14 24 102 17067 22664 585
545.91 29 110 17700 21314 551
546.68 29 119 18103 19968 522
547.45 29 128 18748 18611 507
548.21 27 137 19310 17334 478
548.98 24 143 19912 16150 467
549.75 29 154 20504 14909 438
550.52 27 173 21200 13856 412
551.28 27 181 21855 12787 410
552.05 27 198 22493 11794 379
552.82 35 220 23138 10922 381
553.59 38 233 23788 10064 347
554.35 35 253 24370 9328 349
555.12 38 269 25111 8500 333
555.89 35 293 25784 7906 314
556.65 32 317 26353 7190 307
557.42 35 340 27044 6626 286
558.19 38 358 27765 6108 284
558.95 43 388 28289 5649 274
559.72 38 417 29020 5184 255
560.49 41 439 29657 4774 263
561.25 32 468 30285 4375 253
562.02 35 501 30693 3992 251
562.78 41 538 31403 3659 240
563.55 43 571 31814 3458 226
564.32 46 599 32185 3138 223
565.08 46 634 32764 2910 217
565.85 52 669 33311 2646 219
566.61 49 711 33528 2435 209
567.38 55 763 33891 2296 211
568.15 57 809 34344 2101 196
568.91 55 855 34490 1950 194
569.68 55 903 34727 1808 190
570.44 66 967 34942 1646 188
571.21 63 1026 35123 1560 194
571.97 57 1106 35269 1445 171
572.74 69 1189 35244 1372 165
573.50 77 1277 35239 1286 175
574.27 71 1379 35216 1217 169
575.03 77 1477 35108 1121 167
575.80 71 1593 34974 1062 156
576.56 80 1740 34838 999 163
577.33 88 1889 34604 933 160
578.09 94 2042 34349 874 163
578.86 88 2222 34022 834 150
579.62 105 2434 33717 805 152
580.38 99 2647 33362 772 146
581.15 116 2862 32973 735 152
581.91 111 3136 32585 696 152
582.68 130 3433 32069 666 148
583.44 136 3773 31550 616 139
584.21 139 4115 30955 616 135
584.97 139 4490 30335 574 139
585.73 147 4918 29634 577 144
586.50 169 5409 29078 557 135
587.26 167 5930 28390 517 133
588.02 197 6505 27797 504 129
588.79 197 7154 27006 504 142
589.55 220 7882 26416 481 133
590.31 231 8657 25749 471 129
591.08 242 9546 25000 488 144
591.84 267 10485 24310 461 129
592.60 290 11596 23521 442 118
593.37 315 12724 22778 445 127
594.13 337 14041 22042 422 137
594.89 371 15455 21386 428 129
595.66 385 16963 20709 409 125
596.42 424 18672 20086 415 125
597.18 455 20359 19456 418 125
597.94 491 22109 18773 428 125
598.71 531 23992 18025 418 118
599.47 592 25789 17435 422 121
600.23 634 27514 16840 399 123
600.99 696 29213 16117 389 121
601.76 743 30796 15490 409 114
602.52 830 32076 14852 389 114
603.28 923 33326 14351 382 116
604.04 1004 34253 13779 376 114
604.81 1077 34895 13103 392 121
605.57 1200 35376 12582 389 114
606.33 1320 35656 12090 399 114
607.09 1469 35523 11513 392 114
607.85 1606 35338 11075 389 114
608.61 1807 34774 10568 379 110
609.38 1959 33969 10036 405 114
610.14 2160 33080 9626 389 108
610.90 2365 31909 9182 395 110
611.66 2617 30755 8741 389 110
612.42 2891 29468 8282 405 106
613.18 3118 28096 7957 392 110
613.94 3471 26721 7567 379 106
614.70 3779 25262 7169 409 110
615.47 4137 23827 6778 405 108
616.23 4479 22395 6458 402 104
616.99 4817 20979 6123 402 104
617.75 5251 19631 5843 395 102
618.51 5702 18267 5521 395 95
619.27 6201 16950 5269 399 100
620.03 6674 15850 4986 382 100
620.79 7200 14700 4714 395 104
621.55 7732 13612 4520 399 102
622.31 8303 12561 4268 405 100
623.07 8889 11615 4051 415 91
623.83 9625 10676 3789 399 104
624.59 10314 9899 3603 402 97
625.35 11092 9067 3439 399 97
626.11 11745 8394 3222 389 93
626.87 12719 7691 3071 392 97
627.63 13573 7069 2900 395 95
628.39 14522 6489 2741 405 97
629.15 15505 5978 2585 392 89
629.91 16577 5486 2466 402 93
630.67 17720 5015 2292 392 95
631.43 18753 4633 2184 405 93
632.19 19890 4243 2091 422 85
632.95 21097 3904 1965 402 93
633.71 22443 3604 1844 405 89
634.46 23650 3315 1728 395 89
635.22 25036 3045 1632 382 91
635.98 26235 2829 1582 412 95
636.74 27416 2603 1468 409 89
637.50 28732 2390 1415 405 93
638.26 29785 2208 1320 422 83
639.02 30650 2035 1247 412 89
639.78 31669 1870 1186 405 89
640.53 32515 1717 1118 425 85
641.29 33179 1594 1055 425 87
642.05 33725 1477 1002 418 89
642.81 34164 1351 942 415 87
643.57 34660 1281 886 409 85
644.32 35169 1173 833 405 83
645.08 35312 1095 803 418 89
645.84 35419 998 763 415 85
646.60 35276 943 697 425 81
647.36 35281 877 682 418 85
648.11 35259 817 637 415 79
648.87 34878 762 607 412 81
649.63 34469 714 574 415 81
650.39 33890 666 539 405 87
651.14 33442 624 503 412 81
651.90 32532 587 478 402 79
652.66 31793 554 455 399 74
653.42 30925 520 428 418 76
654.17 29841 490 420 422 83
654.93 28581 457 402 399 81
655.69 27324 431 367 409 79
656.44 26134 404 362 412 76
657.20 24756 390 332 395 79
657.96 23569 374 309 399 74
658.71 22138 351 304 402 76
659.47 20853 335 287 425 72
660.23 19753 322 269 415 74
660.98 18456 305 261 399 70
661.74 17286 294 249 399 70
662.49 16015 283 226 392 72
663.25 14995 273 221 409 72
664.01 13903 259 224 399 74
664.76 13044 256 203 409 70
665.52 12005 237 186 412 70
666.27 11131 233 191 402 68
667.03 10429 224 176 379 64
667.79 9575 219 168 392 70
668.54 8883 212 158 402 68
669.30 8211 199 145 395 62
670.05 7612 202 145 399 68
670.81 7077 191 140 392 66
671.56 6455 186 135 372 68
672.32 5968 189 133 402 64
673.07 5523 183 120 379 66
673.83 5061 172 123 392 66
674.58 4686 173 113 382 64
675.34 4358 166 105 376 66
676.09 3991 163 103 379 58
676.85 3672 156 105 382 68
677.60 3420 150 98 389 62
678.36 3129 153 95 385 66
679.11 2899 147 90 385 60
679.87 2709 144 90 369 64
680.62 2468 148 82 369 62
681.38 2303 137 87 376 62
682.13 2107 146 80 366 55
682.88 1936 141 77 362 62
683.64 1810 141 80 372 60
684.39 1687 137 75 366 60
685.15 1578 130 72 372 55
685.90 1452 133 75 372 60
686.65 1343 133 75 376 62
687.41 1247 130 67 362 60
688.16 1138 127 62 359 49
688.91 1071 126 62 372 60
689.67 990 122 67 362 58
690.42 923 125 62 352 55
691.17 855 123 65 359 55
691.93 813 120 62 362 53
692.68 771 115 60 356 62
693.43 693 115 60 356 53
694.19 645 119 47 339 51
694.94 606 116 55 356 53
695.69 564 112 57 346 49
696.45 533 111 60 336 55
697.20 508 110 52 346 51
697.95 469 107 50 339 51
698.70 438 111 55 339 51
699.46 421 104 50 346 51
700.21 385 101 45 329 51
700.96 363 101 50 336 49
701.71 337 103 47 323 49
702.47 321 98 50 323 53
703.22 309 99 50 306 45
703.97 295 99 42 310 47
704.72 276 98 42 316 49
705.47 273 96 42 310 49
706.22 262 97 45 313 43
706.98 231 97 42 310 53
707.73 237 96 47 326 45
708.48 225 90 50 310 49
709.23 220 94 42 323 39
709.98 209 93 42 310 51
710.73 211 91 40 303 51
711.49 192 91 40 296 45
712.24 186 90 37 310 45
712.99 178 92 42 306 41
713.74 169 86 45 296 45
714.49 153 89 40 290 51
715.24 169 92 37 296 37
715.99 167 86 37 303 49
716.74 153 87 35 296 39
717.49 153 81 37 286 47
718.24 150 82 29 290 43
718.99 153 85 37 280 39
719.74 144 83 45 280 45
720.49 136 84 35 286 41
721.24 139 84 37 286 41
721.99 130 81 35 280 45
722.74 136 79 32 286 45
723.49 127 79 32 267 45
724.24 130 78 29 267 39
724.99 122 82 35 277 41
725.74 116 81 32 267 39
726.49 125 71 35 273 39
727.24 133 79 37 263 39
727.99 113 75 35 273 37
728.74 127 71 32 247 41
729.49 108 72 35 267 37
730.24 105 77 32 250 39
730.99 111 70 32 250 39
731.74 102 70 32 253 37
732.49 111 72 35 257 32
733.24 122 67 29 244 34
733.99 111 69 32 250 39
734.74 105 70 35 244 37
735.48 102 69 29 237 30
736.23 94 69 24 240 34
736.98 99 69 32 247 34
737.73 108 64 22 224 34
738.48 111 68 29 240 34
739.23 94 70 27 240 34
739.98 105 65 40 227 32
740.72 102 65 32 247 30
741.47 102 65 24 234 32
742.22 99 67 32 224 34
742.97 102 65 32 227 34
743.72 97 62 32 220 32
744.46 99 63 29 217 28
745.21 97 64 29 220 39
745.96 88 62 29 220 34
746.71 97 63 29 214 37
747.45 94 57 29 214 34
748.20 88 62 24 214 30
748.95 97 62 32 211 28
749.70 99 60 29 204 28
750.44 88 58 22 201 24
751.19 88 57 24 204 28
751.94 88 60 27 197 24
752.69 83 56 24 194 30
753.43 88 54 27 204 28
754.18 83 56 29 204 28
754.93 83 59 29 191 30
755.67 77 52 19 204 28
756.42 85 54 19 191 24
757.17 74 52 24 187 28
757.91 74 53 22 184 24
758.66 85 49 32 184 28
759.41 85 54 22 174 24
760.15 74 51 24 174 22
760.90 80 51 27 178 26
761.64 77 54 19 187 20
762.39 85 52 19 187 22
763.14 83 53 29 174 34
763.88 77 52 29 187 22
764.63 71 49 27 174 18
765.37 74 50 22 178 28
766.12 80 49 27 178 30
766.86 85 53 27 161 30
767.61 80 50 22 161 26
768.36 80 49 27 164 20
769.10 74 49 22 164 24
769.85 80 52 24 161 24
770.59 80 46 27 168 24
771.34 80 46 19 168 24
772.08 71 47 22 158 24
772.83 77 46 22 158 24
773.57 80 47 22 154 22
774.32 83 48 24 148 18
775.06 71 46 24 151 24
775.80 74 45 29 148 26
776.55 71 47 19 148 20
777.29 83 47 24 154 18
778.04 71 46 17 138 22
778.78 77 41 27 151 26
779.53 71 47 19 138 20
780.27 69 43 27 125 18
781.01 69 40 27 141 20
781.76 66 45 24 131 22
782.50 69 40 19 138 16
783.25 71 45 24 141 20
783.99 66 43 19 135 18
784.73 71 40 24 131 20
785.48 69 41 19 131 20
786.22 74 39 22 138 16
786.96 74 40 19 128 16
787.71 74 37 17 128 22
788.45 69 38 17 128 18
789.19 69 39 19 125 18
789.94 66 38 17 128 20
790.68 69 39 19 118 20
791.42 71 35 14 118 20
792.17 60 39 17 118 18
792.91 63 34 24 112 13
793.65 63 34 22 121 20
794.39 60 34 19 118 18
795.14 63 34 19 118 20
795.88 60 34 24 112 16
796.62 71 34 17 112 20
797.36 60 35 14 105 16
798.11 60 35 24 118 18
798.85 63 37 24 108 18
799.59 71 34 24 105 20
800.33 60 31 17 105 18
801.08 57 32 17 115 18
801.82 66 33 19 105 22
802.56 69 32 14 95 18
803.30 60 33 14 92 13
804.04 74 31 19 115 18
804.78 66 36 17 105 13
805.53 71 34 19 82 13
806.27 66 31 14 95 16
807.01 52 28 12 95 16
807.75 60 29 17 95 18
808.49 49 31 14 92 20
809.23 57 30 14 95 18
809.97 60 32 14 95 16
810.71 55 25 12 82 16
811.46 66 29 19 85 16
812.20 49 30 12 79 11
812.94 55 29 9 92 11
813.68 63 28 17 88 18
814.42 57 24 9 82 18
815.16 55 29 17 92 11
815.90 57 26 14 69 16
816.64 52 26 19 79 13
817.38 57 28 19 85 13
818.12 60 25 12 85 11
818.86 57 26 17 85 13
819.60 49 23 14 72 13
820.34 52 27 9 75 9
821.08 43 26 14 75 5
821.82 49 26 12 65 9
822.56 55 25 14 72 13
823.30 55 26 12 72 11
824.04 43 24 14 72 11
824.78 52 26 14 75 11
825.52 55 22 14 65 11
826.26 55 25 12 65 11
827.00 55 23 14 65 7
827.73 55 27 14 62 11
828.47 49 20 14 59 9
829.21 46 22 17 69 5
829.95 43 21 9 65 9
830.69 55 23 12 65 16
831.43 46 19 12 55 13
832.17 49 22 7 69 16
832.91 43 23 7 59 7
833.65 52 22 7 59 11
834.38 49 20 12 62 7
835.12 38 21 4 65 7
835.86 55 21 14 65 7
836.60 43 24 14 59 11
837.34 43 21 12 69 9
838.08 49 20 7 55 11
838.81 46 23 9 55 5
839.55 46 18 17 55 9
840.29 43 20 9 46 9
841.03 43 18 17 55 9
841.76 41 19 9 62 5
842.50 52 18 9 52 7
843.24 46 19 12 49 7
843.98 46 19 12 52 11
844.71 43 20 12 49 5
845.45 43 19 9 59 11
846.19 43 17 7 46 7
846.93 43 18 17 52 11
847.66 38 16 9 46 -1
848.40 46 21 12 46 11
849.14 46 19 9 36 11
849.87 41 18 7 42 5
850.61 41 17 4 42 11
851.35 38 18 14 42 7
852.08 38 16 9 52 7
852.82 43 19 14 49 9
853.56 43 16 12 49 1
854.29 38 16 9 49 7
855.03 38 16 14 39 7
855.77 41 18 12 39 7
856.50 35 18 9 39 5
857.24 46 17 7 46 5
857.97 41 14 9 46 5
858.71 41 15 7 39 13
859.45 38 16 12 46 5
860.18 38 15 12 39 7
860.92 35 15 14 39 7
861.65 32 15 4 39 7
862.39 43 14 9 42 5
863.12 43 13 4 32 7
863.86 41 12 7 49 1
864.59 41 13 7 42 1
865.33 35 11 7 46 5
866.06 41 15 4 39 9
866.80 29 11 2 32 3
867.53 35 11 7 42 5
868.27 38 14 2 32 9
869.00 43 14 9 36 9
869.74 35 14 7 32 7
870.47 41 15 9 39 5
871.21 29 12 4 36 -1
871.94 32 11 7 32 5
872.68 32 9 2 29 3
873.41 35 12 12 39 5
874.15 35 12 9 26 7
874.88 38 13 12 39 7
875.61 43 14 4 29 7
876.35 32 15 7 32 3
877.08 32 11 9 29 3
877.82 38 12 4 29 7
878.55 29 10 4 36 11
879.28 29 11 9 29 7
880.02 27 10 9 32 1
880.75 32 11 7 22 3
881.48 27 13 4 29 7
882.22 29 10 4 29 3
882.95 27 10 9 26 3
883.68 35 8 7 36 3
884.42 29 10 9 32 5
885.15 38 12 7 32 5
885.88 41 12 2 26 5
886.62 35 13 7 22 7
887.35 29 11 7 32 3
888.08 35 12 9 36 5
888.81 38 8 12 26 5
889.55 27 10 7 32 3
890.28 29 10 7 22 9
891.01 32 11 2 32 1
891.74 29 9 2 36 3
892.48 29 8 2 22 5
893.21 35 12 7 26 5
893.94 32 10 12 32 5
894.67 29 10 7 32 1
895.40 29 9 9 32 5
896.14 27 10 4 22 3
896.87 35 10 7 26 3
897.60 35 9 2 16 3
898.33 29 11 9 32 9
899.06 32 10 4 22 3
899.79 35 7 4 22 3
900.53 27 8 7 26 3
901.26 27 10 2 19 3
901.99 21 10 4 16 5
902.72 41 11 12 29 7
903.45 27 9 2 16 7
904.18 38 8 7 26 7
904.91 27 10 2 22 -1
905.64 29 8 2 22 5
906.37 29 13 14 26 5
907.10 32 8 12 22 3
907.84 32 9 4 22 3
908.57 32 8 7 22 7
909.30 29 10 9 26 1
910.03 35 9 4 26 3
910.76 29 8 4 16 5
911.49 27 10 7 16 1
912.22 27 10 7 13 5
912.95 24 12 7 16 3
913.68 24 13 2 22 3
914.41 27 13 -1 16 5
915.14 29 10 4 16 3
915.87 27 11 7 13 7
916.60 29 10 -1 9 3
917.33 29 12 7 16 3
918.06 32 10 4 16 5
918.79 27 12 4 16 9
919.51 27 13 7 19 1
920.24 27 14 4 16 -1
920.97 24 11 4 9 5
921.70 24 13 9 19 3
922.43 27 14 7 6 5
923.16 29 14 9 13 3
923.89 21 12 -1 9 5
924.62 27 13 12 19 1
925.35 21 16 4 16 -1
926.08 29 16 4 13 5
926.80 21 12 7 16 5
927.53 18 13 9 13 1
928.26 21 13 4 16 1
928.99 24 13 12 16 3
929.72 24 12 9 16 -1
930.45 18 13 12 16 3
931.17 24 15 9 9 -3
931.90 21 12 9 16 3
932.63 24 13 14 13 3
933.36 21 17 7 19 3
934.09 27 15 9 19 5
934.81 24 14 9 16 3
935.54 21 12 9 13 1
936.27 18 15 12 6 -1
937.00 21 13 4 16 -3
937.72 27 14 9 16 3
938.45 27 14 12 9 5
939.18 29 14 17 9 5
939.90 21 16 9 3 1
940.63 21 12 4 6 5
941.36 18 13 7 16 3
942.09 24 16 9 19 -1
942.81 21 15 9 16 3
943.54 27 15 12 19 1
944.27 21 14 9 6 5
944.99 21 16 7 9 3
945.72 29 14 12 6 3
946.45 21 14 12 13 3
947.17 15 17 7 9 3
947.90 27 14 17 16 7
948.62 18 14 12 9 1
949.35 18 13 12 13 1
950.08 24 14 9 3 3
950.80 21 16 9 16 7
951.53 35 16 14 16 3
952.25 27 15 14 6 7
952.98 18 15 12 6 3
953.70 24 15 17 22 3
954.43 18 14 17 16 1
955.16 21 13 17 13 1
955.88 27 14 9 6 5
956.61 21 17 12 16 1
957.33 18 15 14 6 1
958.06 27 13 19 -1 3
958.78 18 16 14 6 5
959.51 18 14 19 9 3
960.23 15 15 19 9 3
960.96 21 13 24 9 1
961.68 21 17 12 9 3
962.41 18 17 19 9 3
963.13 24 17 14 6 -1
963.86 15 16 12 9 3
964.58 15 14 17 9 1
965.30 24 15 14 19 3
966.03 27 16 12 9 1
966.75 24 16 22 13 -1
967.48 21 16 14 13 3
968.20 24 17 22 9 3
968.92 27 14 19 6 3
969.65 18 16 17 6 7
970.37 13 17 19 6 3
971.10 24 15 22 9 -3
971.82 21 13 22 9 -1
972.54 18 16 24 6 5
973.27 15 14 17 6 -1
973.99 21 15 17 9 1
974.71 13 15 22 9 5
975.44 10 14 22 9 3
976.16 15 14 14 3 -3
976.88 15 15 14 9 -5
977.61 15 16 22 13 3
978.33 18 13 24 9 3
